,Bin (asc),Lower Bound,Upper Bound,RDG Count,Total Count,Frac
0,0.0,0.0,0.0199592083084128,2.0,26.0,0.07692307692307693
1,1.0,0.0199592083084128,0.0345011124285173,0.0,20.0,0.0
2,2.0,0.0345011124285173,0.0484280333258563,1.0,20.0,0.05
3,3.0,0.0484280333258563,0.0621053055764782,2.0,20.0,0.1
4,4.0,0.0621053055764782,0.0781103598196881,1.0,20.0,0.05
5,5.0,0.0781103598196881,0.0996569300373307,0.0,20.0,0.0
6,6.0,0.0996569300373307,0.1285747170734289,1.0,20.0,0.05
7,7.0,0.1285747170734289,0.1553324307546327,0.0,20.0,0.0
8,8.0,0.1553324307546327,0.1779155493707325,0.0,20.0,0.0
9,9.0,0.1779155493707325,0.2257195217736406,0.0,20.0,0.0
10,10.0,0.2257195217736406,0.2615908160559212,0.0,20.0,0.0
11,11.0,0.2615908160559212,0.3112733235282311,2.0,20.0,0.1
12,12.0,0.3112733235282311,0.3762942147010877,1.0,20.0,0.05
13,13.0,0.3762942147010877,0.450412566780452,3.0,20.0,0.15
14,14.0,0.450412566780452,0.5387610189885266,2.0,20.0,0.1
15,15.0,0.5387610189885266,0.6064650634987911,2.0,20.0,0.1
16,16.0,0.6064650634987911,0.7081755878214159,3.0,20.0,0.15
17,17.0,0.7081755878214159,0.7562494298519867,4.0,20.0,0.2
18,18.0,0.7562494298519867,0.8018226805407934,2.0,20.0,0.1
19,19.0,0.8018226805407934,0.872366931602682,0.0,20.0,0.0
20,20.0,0.872366931602682,0.8999018248679193,3.0,20.0,0.15
21,21.0,0.8999018248679193,0.9196096911549804,1.0,20.0,0.05
22,22.0,0.9196096911549804,0.9379973711537184,4.0,20.0,0.2
23,23.0,0.9379973711537184,0.9507007677600589,2.0,20.0,0.1
24,24.0,0.9507007677600589,0.9629299537849644,0.0,20.0,0.0
25,25.0,0.9629299537849644,0.9673322231369206,2.0,20.0,0.1
26,26.0,0.9673322231369206,0.9744880548108372,1.0,20.0,0.05
27,27.0,0.9744880548108372,0.9791830563120368,3.0,20.0,0.15
28,28.0,0.9791830563120368,0.9836461551159446,2.0,20.0,0.1
29,29.0,0.9836461551159446,0.985774905460142,1.0,20.0,0.05
30,30.0,0.985774905460142,0.9882244032895698,1.0,20.0,0.05
31,31.0,0.9882244032895698,0.9900352162014208,1.0,20.0,0.05
32,32.0,0.9900352162014208,0.9918604632884788,0.0,20.0,0.0
33,33.0,0.9918604632884788,0.9933595966534476,1.0,20.0,0.05
34,34.0,0.9933595966534476,0.9944115139587963,1.0,20.0,0.05
35,35.0,0.9944115139587963,0.995667264554554,3.0,20.0,0.15
36,36.0,0.995667264554554,0.9970322860807916,1.0,20.0,0.05
