,Bin (asc),Lower Bound,Upper Bound,RDG Count,Total Count,Frac
0,0.0,0.0,0.0267746206115197,2.0,26.0,0.07692307692307693
1,1.0,0.0267746206115197,0.0360058842153777,0.0,20.0,0.0
2,2.0,0.0360058842153777,0.0546169293644132,1.0,20.0,0.05
3,3.0,0.0546169293644132,0.0658798915299049,1.0,20.0,0.05
4,4.0,0.0658798915299049,0.0866124825756915,1.0,20.0,0.05
5,5.0,0.0866124825756915,0.1073285376130068,1.0,20.0,0.05
6,6.0,0.1073285376130068,0.1414571458591259,1.0,20.0,0.05
7,7.0,0.1414571458591259,0.1746826439708226,1.0,20.0,0.05
8,8.0,0.1746826439708226,0.2218975529890243,1.0,20.0,0.05
9,9.0,0.2218975529890243,0.2928720697013877,0.0,20.0,0.0
10,10.0,0.2928720697013877,0.3408814120169873,1.0,20.0,0.05
11,11.0,0.3408814120169873,0.4158634992637807,4.0,20.0,0.2
12,12.0,0.4158634992637807,0.5200900278984077,1.0,20.0,0.05
13,13.0,0.5200900278984077,0.5822200413156425,2.0,20.0,0.1
14,14.0,0.5822200413156425,0.6399241066010837,6.0,20.0,0.3
15,15.0,0.6399241066010837,0.7163810782906398,1.0,20.0,0.05
16,16.0,0.7163810782906398,0.7931814432531181,1.0,20.0,0.05
17,17.0,0.7931814432531181,0.8309990474695532,1.0,20.0,0.05
18,18.0,0.8309990474695532,0.8734064171846679,1.0,20.0,0.05
19,19.0,0.8734064171846679,0.9026228571265368,2.0,20.0,0.1
20,20.0,0.9026228571265368,0.9225631126288582,4.0,20.0,0.2
21,21.0,0.9225631126288582,0.9384761264563392,0.0,20.0,0.0
22,22.0,0.9384761264563392,0.9515288924445882,3.0,20.0,0.15
23,23.0,0.9515288924445882,0.9618489084300282,2.0,20.0,0.1
24,24.0,0.9618489084300282,0.9685463180085504,1.0,20.0,0.05
25,25.0,0.9685463180085504,0.9757773049318176,3.0,20.0,0.15
26,26.0,0.9757773049318176,0.9789982279480876,0.0,20.0,0.0
27,27.0,0.9789982279480876,0.9819032874543602,1.0,20.0,0.05
28,28.0,0.9819032874543602,0.9845349792165072,1.0,20.0,0.05
29,29.0,0.9845349792165072,0.9863927208976568,3.0,20.0,0.15
30,30.0,0.9863927208976568,0.9882236830197336,0.0,20.0,0.0
31,31.0,0.9882236830197336,0.989960755158264,0.0,20.0,0.0
32,32.0,0.989960755158264,0.9914972565156488,1.0,20.0,0.05
33,33.0,0.9914972565156488,0.9926943713966015,1.0,20.0,0.05
34,34.0,0.9926943713966015,0.993909663227915,1.0,20.0,0.05
35,35.0,0.993909663227915,0.9951504468481274,2.0,20.0,0.1
36,36.0,0.9951504468481274,0.9965599490500636,1.0,20.0,0.05
