,Bin (asc),Lower Bound,Upper Bound,RDG Count,Total Count,Frac
0,0.0,0.0,0.0158054875857461,2.0,26.0,0.07692307692307693
1,1.0,0.0158054875857461,0.0277110446067302,0.0,20.0,0.0
2,2.0,0.0277110446067302,0.0385139731831295,2.0,20.0,0.1
3,3.0,0.0385139731831295,0.0543853101956607,1.0,20.0,0.05
4,4.0,0.0543853101956607,0.0677476766533852,1.0,20.0,0.05
5,5.0,0.0677476766533852,0.0905070666303282,1.0,20.0,0.05
6,6.0,0.0905070666303282,0.1128326393222081,0.0,20.0,0.0
7,7.0,0.1128326393222081,0.1440841229951699,0.0,20.0,0.0
8,8.0,0.1440841229951699,0.1867079449270466,0.0,20.0,0.0
9,9.0,0.1867079449270466,0.2387480509491732,2.0,20.0,0.1
10,10.0,0.2387480509491732,0.3041901184821493,1.0,20.0,0.05
11,11.0,0.3041901184821493,0.3883360910182867,1.0,20.0,0.05
12,12.0,0.3883360910182867,0.4728827657232072,4.0,20.0,0.2
13,13.0,0.4728827657232072,0.5750677389583639,1.0,20.0,0.05
14,14.0,0.5750677389583639,0.6541851117735339,4.0,20.0,0.2
15,15.0,0.6541851117735339,0.7277514954908879,4.0,20.0,0.2
16,16.0,0.7277514954908879,0.7829928081562371,1.0,20.0,0.05
17,17.0,0.7829928081562371,0.8132186309623858,1.0,20.0,0.05
18,18.0,0.8132186309623858,0.8842088212441018,0.0,20.0,0.0
19,19.0,0.8842088212441018,0.9139788910194688,3.0,20.0,0.15
20,20.0,0.9139788910194688,0.93071505513575,3.0,20.0,0.15
21,21.0,0.93071505513575,0.9469050086911204,2.0,20.0,0.1
22,22.0,0.9469050086911204,0.9599654295968164,3.0,20.0,0.15
23,23.0,0.9599654295968164,0.96666024361855,3.0,20.0,0.15
24,24.0,0.96666024361855,0.972291069921024,0.0,20.0,0.0
25,25.0,0.972291069921024,0.9764392776189984,1.0,20.0,0.05
26,26.0,0.9764392776189984,0.9801786340678132,2.0,20.0,0.1
27,27.0,0.9801786340678132,0.98373935587671,0.0,20.0,0.0
28,28.0,0.98373935587671,0.986333280938014,2.0,20.0,0.1
29,29.0,0.986333280938014,0.9887704262641508,1.0,20.0,0.05
30,30.0,0.9887704262641508,0.9910938558595356,1.0,20.0,0.05
31,31.0,0.9910938558595356,0.9923072764856136,0.0,20.0,0.0
32,32.0,0.9923072764856136,0.9935264224414132,0.0,20.0,0.0
33,33.0,0.9935264224414132,0.9943684129416148,3.0,20.0,0.15
34,34.0,0.9943684129416148,0.9951589687396188,1.0,20.0,0.05
35,35.0,0.9951589687396188,0.9961512236298264,0.0,20.0,0.0
36,36.0,0.9961512236298264,0.9974990945483958,2.0,20.0,0.1
