,Bin (asc),Lower Bound,Upper Bound,RDG Count,Total Count,Frac
0,0.0,0.0,0.0287327817964637,2.0,26.0,0.07692307692307693
1,1.0,0.0287327817964637,0.0416773693284797,0.0,20.0,0.0
2,2.0,0.0416773693284797,0.0582508967338553,1.0,20.0,0.05
3,3.0,0.0582508967338553,0.0774840844857079,2.0,20.0,0.1
4,4.0,0.0774840844857079,0.1009816479418912,0.0,20.0,0.0
5,5.0,0.1009816479418912,0.1250972926863335,2.0,20.0,0.1
6,6.0,0.1250972926863335,0.1584229482688588,0.0,20.0,0.0
7,7.0,0.1584229482688588,0.2027970387681588,0.0,20.0,0.0
8,8.0,0.2027970387681588,0.2591095392160363,1.0,20.0,0.05
9,9.0,0.2591095392160363,0.3243502714458331,1.0,20.0,0.05
10,10.0,0.3243502714458331,0.3968239955075535,2.0,20.0,0.1
11,11.0,0.3968239955075535,0.4755703438650898,2.0,20.0,0.1
12,12.0,0.4755703438650898,0.5690484168744874,2.0,20.0,0.1
13,13.0,0.5690484168744874,0.6236333443856901,1.0,20.0,0.05
14,14.0,0.6236333443856901,0.7157409637731675,5.0,20.0,0.25
15,15.0,0.7157409637731675,0.7650427201903338,3.0,20.0,0.15
16,16.0,0.7650427201903338,0.8216149013977996,1.0,20.0,0.05
17,17.0,0.8216149013977996,0.855036571050648,1.0,20.0,0.05
18,18.0,0.855036571050648,0.8965027792374046,0.0,20.0,0.0
19,19.0,0.8965027792374046,0.9179806108621504,2.0,20.0,0.1
20,20.0,0.9179806108621504,0.9342047922887629,2.0,20.0,0.1
21,21.0,0.9342047922887629,0.9476240110056264,3.0,20.0,0.15
22,22.0,0.9476240110056264,0.9594737763275212,3.0,20.0,0.15
23,23.0,0.9594737763275212,0.966502189585184,1.0,20.0,0.05
24,24.0,0.966502189585184,0.9705319517351124,1.0,20.0,0.05
25,25.0,0.9705319517351124,0.9754328878678548,2.0,20.0,0.1
26,26.0,0.9754328878678548,0.9793064101919744,2.0,20.0,0.1
27,27.0,0.9793064101919744,0.983532701049054,1.0,20.0,0.05
28,28.0,0.983532701049054,0.9868310209260542,1.0,20.0,0.05
29,29.0,0.9868310209260542,0.9885962730055732,3.0,20.0,0.15
30,30.0,0.9885962730055732,0.9900644238134316,0.0,20.0,0.0
31,31.0,0.9900644238134316,0.9918760491780216,0.0,20.0,0.0
32,32.0,0.9918760491780216,0.99308135651556,0.0,20.0,0.0
33,33.0,0.99308135651556,0.9940853316508124,1.0,20.0,0.05
34,34.0,0.9940853316508124,0.995309379383937,3.0,20.0,0.15
35,35.0,0.995309379383937,0.9963195749985534,2.0,20.0,0.1
36,36.0,0.9963195749985534,0.9971112498376472,0.0,20.0,0.0
