,Bin (asc),Lower Bound,Upper Bound,RDG Count,Total Count,Frac
0,0.0,0.0,0.026187671560896,1.0,26.0,0.038461538461538464
1,1.0,0.026187671560896,0.036268749610923,1.0,20.0,0.05
2,2.0,0.036268749610923,0.0553904619401484,1.0,20.0,0.05
3,3.0,0.0553904619401484,0.0680816877343189,0.0,20.0,0.0
4,4.0,0.0680816877343189,0.0899098580046428,2.0,20.0,0.1
5,5.0,0.0899098580046428,0.1247622067195265,1.0,20.0,0.05
6,6.0,0.1247622067195265,0.1488017621166335,0.0,20.0,0.0
7,7.0,0.1488017621166335,0.1789320447704535,1.0,20.0,0.05
8,8.0,0.1789320447704535,0.2215442208268236,0.0,20.0,0.0
9,9.0,0.2215442208268236,0.276679255892796,0.0,20.0,0.0
10,10.0,0.276679255892796,0.3430327709367859,1.0,20.0,0.05
11,11.0,0.3430327709367859,0.3908830246748084,2.0,20.0,0.1
12,12.0,0.3908830246748084,0.4699160282149887,2.0,20.0,0.1
13,13.0,0.4699160282149887,0.5917194450965759,3.0,20.0,0.15
14,14.0,0.5917194450965759,0.6956764927224506,4.0,20.0,0.2
15,15.0,0.6956764927224506,0.7664792173044903,3.0,20.0,0.15
16,16.0,0.7664792173044903,0.8211945063122336,2.0,20.0,0.1
17,17.0,0.8211945063122336,0.8767944078297217,1.0,20.0,0.05
18,18.0,0.8767944078297217,0.9178084424583708,3.0,20.0,0.15
19,19.0,0.9178084424583708,0.9432050972682816,1.0,20.0,0.05
20,20.0,0.9432050972682816,0.951715952834528,3.0,20.0,0.15
21,21.0,0.951715952834528,0.9600781922815452,2.0,20.0,0.1
22,22.0,0.9600781922815452,0.9689949273720032,1.0,20.0,0.05
23,23.0,0.9689949273720032,0.9744653893797504,1.0,20.0,0.05
24,24.0,0.9744653893797504,0.9785453592827146,2.0,20.0,0.1
25,25.0,0.9785453592827146,0.9837909029355448,2.0,20.0,0.1
26,26.0,0.9837909029355448,0.9874154931803332,2.0,20.0,0.1
27,27.0,0.9874154931803332,0.9895243923092356,2.0,20.0,0.1
28,28.0,0.9895243923092356,0.9913298188507595,1.0,20.0,0.05
29,29.0,0.9913298188507595,0.992466712335464,1.0,20.0,0.05
30,30.0,0.992466712335464,0.9935749555694944,0.0,20.0,0.0
31,31.0,0.9935749555694944,0.9945596732151089,0.0,20.0,0.0
32,32.0,0.9945596732151089,0.9952181143378382,0.0,20.0,0.0
33,33.0,0.9952181143378382,0.9959228520407584,1.0,20.0,0.05
34,34.0,0.9959228520407584,0.9965057148123504,3.0,20.0,0.15
35,35.0,0.9965057148123504,0.9970664461598944,2.0,20.0,0.1
36,36.0,0.9970664461598944,0.9979037537913176,1.0,20.0,0.05
