,Bin (asc),Lower Bound,Upper Bound,RDG Count,Total Count,Frac
0,0.0,0.0,0.0168794352243761,1.0,26.0,0.038461538461538464
1,1.0,0.0168794352243761,0.0249515655163607,0.0,20.0,0.0
2,2.0,0.0249515655163607,0.0393120633959915,0.0,20.0,0.0
3,3.0,0.0393120633959915,0.0520366035077402,1.0,20.0,0.05
4,4.0,0.0520366035077402,0.0686872086490504,2.0,20.0,0.1
5,5.0,0.0686872086490504,0.0799828297380728,0.0,20.0,0.0
6,6.0,0.0799828297380728,0.1106958763946543,2.0,20.0,0.1
7,7.0,0.1106958763946543,0.1392804186700752,0.0,20.0,0.0
8,8.0,0.1392804186700752,0.174507652783166,0.0,20.0,0.0
9,9.0,0.174507652783166,0.2673951680365265,0.0,20.0,0.0
10,10.0,0.2673951680365265,0.3618435503786444,3.0,20.0,0.15
11,11.0,0.3618435503786444,0.4353608704432609,2.0,20.0,0.1
12,12.0,0.4353608704432609,0.5492526061186169,3.0,20.0,0.15
13,13.0,0.5492526061186169,0.5980152205946833,1.0,20.0,0.05
14,14.0,0.5980152205946833,0.6970619827314068,4.0,20.0,0.2
15,15.0,0.6970619827314068,0.7412232546873747,4.0,20.0,0.2
16,16.0,0.7412232546873747,0.8003243628542357,1.0,20.0,0.05
17,17.0,0.8003243628542357,0.8443391363948767,1.0,20.0,0.05
18,18.0,0.8443391363948767,0.8839354678020193,0.0,20.0,0.0
19,19.0,0.8839354678020193,0.9119404335644402,1.0,20.0,0.05
20,20.0,0.9119404335644402,0.9298985205843062,3.0,20.0,0.15
21,21.0,0.9298985205843062,0.941668569209842,3.0,20.0,0.15
22,22.0,0.941668569209842,0.956583370861714,2.0,20.0,0.1
23,23.0,0.956583370861714,0.9649729126331832,2.0,20.0,0.1
24,24.0,0.9649729126331832,0.970037381775692,1.0,20.0,0.05
25,25.0,0.970037381775692,0.974504882212973,1.0,20.0,0.05
26,26.0,0.974504882212973,0.9793366398826292,3.0,20.0,0.15
27,27.0,0.9793366398826292,0.9825073526199258,1.0,20.0,0.05
28,28.0,0.9825073526199258,0.9854960882135926,1.0,20.0,0.05
29,29.0,0.9854960882135926,0.988869115762526,1.0,20.0,0.05
30,30.0,0.988869115762526,0.9907948845407166,2.0,20.0,0.1
31,31.0,0.9907948845407166,0.9922933271210542,0.0,20.0,0.0
32,32.0,0.9922933271210542,0.9934063569137148,0.0,20.0,0.0
33,33.0,0.9934063569137148,0.9947302655596651,2.0,20.0,0.1
34,34.0,0.9947302655596651,0.9955174576234238,2.0,20.0,0.1
35,35.0,0.9955174576234238,0.9964170253734336,2.0,20.0,0.1
36,36.0,0.9964170253734336,0.9971926757222772,1.0,20.0,0.05
