,Bin (asc),Lower Bound,Upper Bound,RDG Count,Total Count,Frac
0,0.0,0.0,0.0242928861499335,2.0,26.0,0.07692307692307693
1,1.0,0.0242928861499335,0.0371632622014043,1.0,20.0,0.05
2,2.0,0.0371632622014043,0.0497471886958689,1.0,20.0,0.05
3,3.0,0.0497471886958689,0.0625483104843474,1.0,20.0,0.05
4,4.0,0.0625483104843474,0.0745044821338239,1.0,20.0,0.05
5,5.0,0.0745044821338239,0.0976415843510084,1.0,20.0,0.05
6,6.0,0.0976415843510084,0.1296065783053587,0.0,20.0,0.0
7,7.0,0.1296065783053587,0.1614388236186911,0.0,20.0,0.0
8,8.0,0.1614388236186911,0.2274864094040418,0.0,20.0,0.0
9,9.0,0.2274864094040418,0.2792206933121102,2.0,20.0,0.1
10,10.0,0.2792206933121102,0.3451983626770688,1.0,20.0,0.05
11,11.0,0.3451983626770688,0.4241373966378197,1.0,20.0,0.05
12,12.0,0.4241373966378197,0.5124026634383678,3.0,20.0,0.15
13,13.0,0.5124026634383678,0.5951664890683838,2.0,20.0,0.1
14,14.0,0.5951664890683838,0.6778096086079093,6.0,20.0,0.3
15,15.0,0.6778096086079093,0.7637676258695112,2.0,20.0,0.1
16,16.0,0.7637676258695112,0.8068986391238562,2.0,20.0,0.1
17,17.0,0.8068986391238562,0.8523907535806987,0.0,20.0,0.0
18,18.0,0.8523907535806987,0.8927812888389945,0.0,20.0,0.0
19,19.0,0.8927812888389945,0.9068813844759984,3.0,20.0,0.15
20,20.0,0.9068813844759984,0.9234452959557282,1.0,20.0,0.05
21,21.0,0.9234452959557282,0.939240195523866,2.0,20.0,0.1
22,22.0,0.939240195523866,0.9528377419882578,4.0,20.0,0.2
23,23.0,0.9528377419882578,0.960503633944259,1.0,20.0,0.05
24,24.0,0.960503633944259,0.9696551242685189,3.0,20.0,0.15
25,25.0,0.9696551242685189,0.975201375790702,0.0,20.0,0.0
26,26.0,0.975201375790702,0.9792227097442096,2.0,20.0,0.1
27,27.0,0.9792227097442096,0.982891581957422,1.0,20.0,0.05
28,28.0,0.982891581957422,0.9860633284075336,1.0,20.0,0.05
29,29.0,0.9860633284075336,0.9882027907764048,1.0,20.0,0.05
30,30.0,0.9882027907764048,0.9898001584125454,1.0,20.0,0.05
31,31.0,0.9898001584125454,0.9912726700993256,1.0,20.0,0.05
32,32.0,0.9912726700993256,0.992731654414426,0.0,20.0,0.0
33,33.0,0.992731654414426,0.9939629438455,0.0,20.0,0.0
34,34.0,0.9939629438455,0.9947097007101569,1.0,20.0,0.05
35,35.0,0.9947097007101569,0.9957910388584128,3.0,20.0,0.15
36,36.0,0.9957910388584128,0.9974590887809204,2.0,20.0,0.1
