,Bin (asc),Lower Bound,Upper Bound,RDG Count,Total Count,Frac
0,0.0,0.0,0.0205605059050934,2.0,26.0,0.07692307692307693
1,1.0,0.0205605059050934,0.033137610716419,0.0,20.0,0.0
2,2.0,0.033137610716419,0.0488096412954041,2.0,20.0,0.1
3,3.0,0.0488096412954041,0.0597842858298038,1.0,20.0,0.05
4,4.0,0.0597842858298038,0.0758420420805466,0.0,20.0,0.0
5,5.0,0.0758420420805466,0.0933612424484785,1.0,20.0,0.05
6,6.0,0.0933612424484785,0.1215110518751674,1.0,20.0,0.05
7,7.0,0.1215110518751674,0.1559050458248303,0.0,20.0,0.0
8,8.0,0.1559050458248303,0.1927028665488059,0.0,20.0,0.0
9,9.0,0.1927028665488059,0.2487335753885942,1.0,20.0,0.05
10,10.0,0.2487335753885942,0.3167734675669347,2.0,20.0,0.1
11,11.0,0.3167734675669347,0.3942272154289629,2.0,20.0,0.1
12,12.0,0.3942272154289629,0.4825740121151963,1.0,20.0,0.05
13,13.0,0.4825740121151963,0.5784184883786134,3.0,20.0,0.15
14,14.0,0.5784184883786134,0.663656887854597,3.0,20.0,0.15
15,15.0,0.663656887854597,0.7483823505466601,5.0,20.0,0.25
16,16.0,0.7483823505466601,0.796651640032267,1.0,20.0,0.05
17,17.0,0.796651640032267,0.8332019271442326,1.0,20.0,0.05
18,18.0,0.8332019271442326,0.8718604169107083,0.0,20.0,0.0
19,19.0,0.8718604169107083,0.9117342203008412,3.0,20.0,0.15
20,20.0,0.9117342203008412,0.9320796974111644,2.0,20.0,0.1
21,21.0,0.9320796974111644,0.9456871300220486,3.0,20.0,0.15
22,22.0,0.9456871300220486,0.9559677955021372,2.0,20.0,0.1
23,23.0,0.9559677955021372,0.9634562814671253,1.0,20.0,0.05
24,24.0,0.9634562814671253,0.9691058901796024,1.0,20.0,0.05
25,25.0,0.9691058901796024,0.9748287376338672,2.0,20.0,0.1
26,26.0,0.9748287376338672,0.9779991601017064,1.0,20.0,0.05
27,27.0,0.9779991601017064,0.9809380854145776,2.0,20.0,0.1
28,28.0,0.9809380854145776,0.9847531771478458,1.0,20.0,0.05
29,29.0,0.9847531771478458,0.9868059136399558,1.0,20.0,0.05
30,30.0,0.9868059136399558,0.9886792229850344,2.0,20.0,0.1
31,31.0,0.9886792229850344,0.9902066629458104,0.0,20.0,0.0
32,32.0,0.9902066629458104,0.992164109204726,0.0,20.0,0.0
33,33.0,0.992164109204726,0.9933990488148304,0.0,20.0,0.0
34,34.0,0.9933990488148304,0.9947042852009306,4.0,20.0,0.2
35,35.0,0.9947042852009306,0.9960199012860655,0.0,20.0,0.0
36,36.0,0.9960199012860655,0.9972686135871188,2.0,20.0,0.1
