,Bin (asc),Lower Bound,Upper Bound,RDG Count,Total Count,Frac
0,0.0,0.0,0.0220563902093437,2.0,26.0,0.07692307692307693
1,1.0,0.0220563902093437,0.0335144183122347,2.0,20.0,0.1
2,2.0,0.0335144183122347,0.0493730093717407,0.0,20.0,0.0
3,3.0,0.0493730093717407,0.0614553299567821,1.0,20.0,0.05
4,4.0,0.0614553299567821,0.0777339859989247,0.0,20.0,0.0
5,5.0,0.0777339859989247,0.1029522060407785,2.0,20.0,0.1
6,6.0,0.1029522060407785,0.1316469404951649,0.0,20.0,0.0
7,7.0,0.1316469404951649,0.1590647306378285,0.0,20.0,0.0
8,8.0,0.1590647306378285,0.2114728908652489,0.0,20.0,0.0
9,9.0,0.2114728908652489,0.2693807320476279,2.0,20.0,0.1
10,10.0,0.2693807320476279,0.3136089653291616,1.0,20.0,0.05
11,11.0,0.3136089653291616,0.4064709039880702,3.0,20.0,0.15
12,12.0,0.4064709039880702,0.4726526063505311,1.0,20.0,0.05
13,13.0,0.4726526063505311,0.5742013939139823,1.0,20.0,0.05
14,14.0,0.5742013939139823,0.6540112220766926,4.0,20.0,0.2
15,15.0,0.6540112220766926,0.7165055545075744,5.0,20.0,0.25
16,16.0,0.7165055545075744,0.7752670674594861,1.0,20.0,0.05
17,17.0,0.7752670674594861,0.8428952956504492,1.0,20.0,0.05
18,18.0,0.8428952956504492,0.8861509187663603,0.0,20.0,0.0
19,19.0,0.8861509187663603,0.9102642184465302,3.0,20.0,0.15
20,20.0,0.9102642184465302,0.9317383210754052,1.0,20.0,0.05
21,21.0,0.9317383210754052,0.941756735820384,3.0,20.0,0.15
22,22.0,0.941756735820384,0.9518742147232104,2.0,20.0,0.1
23,23.0,0.9518742147232104,0.9591306015505332,1.0,20.0,0.05
24,24.0,0.9591306015505332,0.9674846627030214,3.0,20.0,0.15
25,25.0,0.9674846627030214,0.9726972858793425,0.0,20.0,0.0
26,26.0,0.9726972858793425,0.978564525635047,3.0,20.0,0.15
27,27.0,0.978564525635047,0.9822474666314752,1.0,20.0,0.05
28,28.0,0.9822474666314752,0.9844767503375952,2.0,20.0,0.1
29,29.0,0.9844767503375952,0.9869426826611908,0.0,20.0,0.0
30,30.0,0.9869426826611908,0.9894210012128736,2.0,20.0,0.1
31,31.0,0.9894210012128736,0.9907602616585536,0.0,20.0,0.0
32,32.0,0.9907602616585536,0.9925374774133904,0.0,20.0,0.0
33,33.0,0.9925374774133904,0.9934788612673628,3.0,20.0,0.15
34,34.0,0.9934788612673628,0.9948708189359372,1.0,20.0,0.05
35,35.0,0.9948708189359372,0.9962071318377648,1.0,20.0,0.05
36,36.0,0.9962071318377648,0.997631162059735,1.0,20.0,0.05
