,Bin (asc),Lower Bound,Upper Bound,RDG Count,Total Count,Frac
0,0.0,0.0,0.0217268113824324,2.0,26.0,0.07692307692307693
1,1.0,0.0217268113824324,0.0319742193610788,0.0,20.0,0.0
2,2.0,0.0319742193610788,0.0479678417381254,2.0,20.0,0.1
3,3.0,0.0479678417381254,0.0597399220163058,1.0,20.0,0.05
4,4.0,0.0597399220163058,0.0704897703286501,0.0,20.0,0.0
5,5.0,0.0704897703286501,0.0887944164713256,1.0,20.0,0.05
6,6.0,0.0887944164713256,0.124865596210892,1.0,20.0,0.05
7,7.0,0.124865596210892,0.1587562205675265,0.0,20.0,0.0
8,8.0,0.1587562205675265,0.2106293670386016,0.0,20.0,0.0
9,9.0,0.2106293670386016,0.2638557252608325,1.0,20.0,0.05
10,10.0,0.2638557252608325,0.3216073579014566,1.0,20.0,0.05
11,11.0,0.3216073579014566,0.4026484868651061,2.0,20.0,0.1
12,12.0,0.4026484868651061,0.494530666373511,3.0,20.0,0.15
13,13.0,0.494530666373511,0.6101203770752847,3.0,20.0,0.15
14,14.0,0.6101203770752847,0.6696737226138311,5.0,20.0,0.25
15,15.0,0.6696737226138311,0.7382854272439419,2.0,20.0,0.1
16,16.0,0.7382854272439419,0.7860542762056162,1.0,20.0,0.05
17,17.0,0.7860542762056162,0.8566016820717586,1.0,20.0,0.05
18,18.0,0.8566016820717586,0.8914511954638581,0.0,20.0,0.0
19,19.0,0.8914511954638581,0.9186816664043886,1.0,20.0,0.05
20,20.0,0.9186816664043886,0.9328572348556696,3.0,20.0,0.15
21,21.0,0.9328572348556696,0.9448760623852164,2.0,20.0,0.1
22,22.0,0.9448760623852164,0.9618277039452998,5.0,20.0,0.25
23,23.0,0.9618277039452998,0.9681536767972414,0.0,20.0,0.0
24,24.0,0.9681536767972414,0.974917497996867,2.0,20.0,0.1
25,25.0,0.974917497996867,0.9806264752455928,4.0,20.0,0.2
26,26.0,0.9806264752455928,0.9848812892910344,0.0,20.0,0.0
27,27.0,0.9848812892910344,0.987572323531636,1.0,20.0,0.05
28,28.0,0.987572323531636,0.98957784831755,1.0,20.0,0.05
29,29.0,0.98957784831755,0.9908796843192954,2.0,20.0,0.1
30,30.0,0.9908796843192954,0.9919388734589508,0.0,20.0,0.0
31,31.0,0.9919388734589508,0.9933028781258356,0.0,20.0,0.0
32,32.0,0.9933028781258356,0.9939756368740048,1.0,20.0,0.05
33,33.0,0.9939756368740048,0.9948491334591412,3.0,20.0,0.15
34,34.0,0.9948491334591412,0.995798223721836,0.0,20.0,0.0
35,35.0,0.995798223721836,0.997211107437406,0.0,20.0,0.0
36,36.0,0.997211107437406,0.9982056403414832,2.0,20.0,0.1
