,Bin (asc),Lower Bound,Upper Bound,RDG Count,Total Count,Frac
0,0.0,0.0,0.0200384460915867,2.0,26.0,0.07692307692307693
1,1.0,0.0200384460915867,0.0301370714196654,0.0,20.0,0.0
2,2.0,0.0301370714196654,0.039893036122264,2.0,20.0,0.1
3,3.0,0.039893036122264,0.0524615940561245,1.0,20.0,0.05
4,4.0,0.0524615940561245,0.0683515755199032,0.0,20.0,0.0
5,5.0,0.0683515755199032,0.0841063119646779,1.0,20.0,0.05
6,6.0,0.0841063119646779,0.1230873786504807,1.0,20.0,0.05
7,7.0,0.1230873786504807,0.1454904594213959,0.0,20.0,0.0
8,8.0,0.1454904594213959,0.1821321719879827,0.0,20.0,0.0
9,9.0,0.1821321719879827,0.2530206129646457,2.0,20.0,0.1
10,10.0,0.2530206129646457,0.3172253204117348,3.0,20.0,0.15
11,11.0,0.3172253204117348,0.3883005934351338,1.0,20.0,0.05
12,12.0,0.3883005934351338,0.4973604450706353,1.0,20.0,0.05
13,13.0,0.4973604450706353,0.593556905511244,2.0,20.0,0.1
14,14.0,0.593556905511244,0.7016572953091289,7.0,20.0,0.35
15,15.0,0.7016572953091289,0.7941926429722013,1.0,20.0,0.05
16,16.0,0.7941926429722013,0.8250379293036998,2.0,20.0,0.1
17,17.0,0.8250379293036998,0.8731031016967197,0.0,20.0,0.0
18,18.0,0.8731031016967197,0.912482416969436,1.0,20.0,0.05
19,19.0,0.912482416969436,0.9307292774817274,3.0,20.0,0.15
20,20.0,0.9307292774817274,0.940089026952605,1.0,20.0,0.05
21,21.0,0.940089026952605,0.9513604311386644,4.0,20.0,0.2
22,22.0,0.9513604311386644,0.9592148917057884,1.0,20.0,0.05
23,23.0,0.9592148917057884,0.9682585308666524,2.0,20.0,0.1
24,24.0,0.9682585308666524,0.9736571598880356,1.0,20.0,0.05
25,25.0,0.9736571598880356,0.978094554962391,3.0,20.0,0.15
26,26.0,0.978094554962391,0.9828753471644508,1.0,20.0,0.05
27,27.0,0.9828753471644508,0.9849908303481693,2.0,20.0,0.1
28,28.0,0.9849908303481693,0.9882302914470604,1.0,20.0,0.05
29,29.0,0.9882302914470604,0.9894934823412036,1.0,20.0,0.05
30,30.0,0.9894934823412036,0.9909367947173886,0.0,20.0,0.0
31,31.0,0.9909367947173886,0.9924356144169244,0.0,20.0,0.0
32,32.0,0.9924356144169244,0.9934071762798732,4.0,20.0,0.2
33,33.0,0.9934071762798732,0.9943136668457612,0.0,20.0,0.0
34,34.0,0.9943136668457612,0.9951838497259607,0.0,20.0,0.0
35,35.0,0.9951838497259607,0.9964355435387232,0.0,20.0,0.0
36,36.0,0.9964355435387232,0.997530819969114,2.0,20.0,0.1
